4KB
0	0.013639308999700006
1	0.007244068998261355
2	0.0055581289998372085
3	0.006354660996294115
4	0.005447959003504366
5	0.005770342002506368
6	0.00559603199508274
7	0.005524233005417045
8	0.005763142995419912
9	0.006015746002958622
16KB
0	0.008410987997194752
1	0.005326413993316237
2	0.005170035001356155
3	0.0050803580015781336
4	0.005213888995058369
5	0.0050413850040058605
6	0.004779244001838379
7	0.004522764997091144
8	0.00532821100205183
9	0.00487217000045348
64KB

0	0.008587363998231012
1	0.00556105899886461
2	0.005869213004189078
3	0.005286051004077308
4	0.005173117999220267
5	0.005179186002351344
6	0.0055791740014683455
7	0.005296439994708635
8	0.005668760997650679
9	0.005212279997067526
256KB
0	0.010908281001320574
1	0.008502267002768349
2	0.00807583300047554
3	0.007661310999537818
4	0.007594973001687322
5	0.007546978995378595
6	0.007692058999964502
7	0.008156001000315882
8	0.008335575999808498
9	0.007835279997379985
1MB
0	0.02221046700287843
1	0.019935031996283215
2	0.01833068700216245
3	0.01807268799893791
4	0.017335182994429488
5	0.019730549996893387
6	0.017050982001819648
7	0.017088063999835867
8	0.017822217996581458
9	0.016653627004416194
0	0.02568948500265833
